 0E 1F BA 0E 00 B4 09 CD  21 B8 01 4C CD 21 54 68
 69 73 20 70 72 6F 67 72  61 6D 20 63 61 6E 6E 6F
 74 20 62 65 20 72 75 6E  20 69 6E 20 44 4F 53 20
 6D 6F 64 65 2E 0D 0D 0A  24 00 00 00 00 00 00 00
 08 79 3A 41 4C 18 54 12  4C 18 54 12 4C 18 54 12
 6E 78 57 13 48 18 54 12  6E 78 50 13 46 18 54 12
 6E 78 51 13 37 18 54 12  DF 78 57 13 4B 18 54 12
 DF 78 51 13 50 18 54 12  DF 78 50 13 5E 18 54 12
 6E 78 55 13 49 18 54 12  4C 18 55 12 1A 18 54 12
 F7 79 50 13 4D 18 54 12  F7 79 56 13 4D 18 54 12
 52 69 63 68 4C 18 54 12  00 00 00 00 00 00 00 00
 00 00 00 00 00 00 00 00  00 00 00 00 00 00 00 00
 50 45 00 00 64 86 05 00  85 6C 46 59 00 00 00 00
 00 00 00 00 F0 00 22 00  0B 02 0E 0A 00 FE 00 00
 00 CC 00 00 00 00 00 00  08 14 00 00 00 10 00 00
 00 00 00 40 01 00 00 00  00 10 00 00 00 02 00 00
 06 00 00 00 00 00 00 00  06 00 00 00 00 00 00 00
 00 F0 01 00 00 04 00 00  00 00 00 00 03 00 60 81
 00 00 10 00 00 00 00 00  00 10 00 00 00 00 00 00
 00 00 10 00 00 00 00 00  00 10 00 00 00 00 00 00
 00 00 00 00 10 00 00 00  00 00 00 00 00 00 00 00
 84 9C 01 00 3C 00 00 00  00 00 00 00 00 00 00 00
 00 D0 01 00 60 0F 00 00  00 00 00 00 00 00 00 00
 00 E0 01 00 08 06 00 00  30 8C 01 00 1C 00 00 00
 00 00 00 00 00 00 00 00  00 00 00 00 00 00 00 00
 00 00 00 00 00 00 00 00  50 8C 01 00 A0 00 00 00
 00 00 00 00 00 00 00 00  00 10 01 00 40 02 00 00
 00 00 00 00 00 00 00 00  00 00 00 00 00 00 00 00
 00 00 00 00 00 00 00 00  2E 74 65 78 74 00 00 00
 F0 FC 00 00 00 10 00 00  00 FE 00 00 00 04 00 00
 00 00 00 00 00 00 00 00  00 00 00 00 20 00 00 60
 2E 72 64 61 74 61 00 00  34 94 00 00 00 10 01 00
 00 96 00 00 00 02 01 00  00 00 00 00 00 00 00 00
 00 00 00 00 40 00 00 40  2E 64 61 74 61 00 00 00
 58 1C 00 00 00 B0 01 00  00 0C 00 00 00 98 01 00
 00 00 00 00 00 00 00 00  00 00 00 00 40 00 00 C0
 2E 70 64 61 74 61 00 00  60 0F 00 00 00 D0 01 00
 00 10 00 00 00 A4 01 00  00 00 00 00 00 00 00 00
 00 00 00 00 40 00 00 40  2E 72 65 6C 6F 63 00 00
 08 06 00 00 00 E0 01 00  00 08 00 00 00 B4 01 00
 00 00 00 00 00 00 00 00  00 00 00 00 40 00 00 42
 00 00 00 00 00 00 00 00  00 00 00 00 00 00 00 00
 00 00 00 00 00 00 00 00  00 00 00 00 00 00 00 00
 00 00 00 00 00 00 00 00  00 00 00 00 00 00 00 00
 00 00 00 00 00 00 00 00  00 00 00 00 00 00 00 00
 00 00 00 00 00 00 00 00  00 00 00 00 00 00 00 00
 00 00 00 00 00 00 00 00  00 00 00 00 00 00 00 00
 00 00 00 00 00 00 00 00  00 00 00 00 00 00 00 00
 00 00 00 00 00 00 00 00  00 00 00 00 00 00 00 00
 00 00 00 00 00 00 00 00  00 00 00 00 00 00 00 00
 00 00 00 00 00 00 00 00  00 00 00 00 00 00 00 00
 00 00 00 00 00 00 00 00  00 00 00 00 00 00 00 00
 00 00 00 00 00 00 00 00  00 00 00 00 00 00 00 00
 00 00 00 00 00 00 00 00  00 00 00 00 00 00 00 00
 00 00 00 00 00 00 00 00  00 00 00 00 00 00 00 00
 00 00 00 00 00 00 00 00  00 00 00 00 00 00 00 00
 00 00 00 00 00 00 00 00  00 00 00 00 00 00 00 00
 00 00 00 00 00 00 00 00  00 00 00 00 00 00 00 00
 00 00 00 00 00 00 00 00  00 00 00 00 00 00 00 00
 00 00 00 00 00 00 00 00  00 00 00 00 00 00 00 00
 48 83 EC 48 C7 44 24 30  00 00 00 00 48 8D 44 24
 38 48 89 44 24 20 41 B9  02 01 00 00 45 33 C0 48
 8D 15 DA 9F 01 00 48 C7  C1 02 00 00 80 FF 15 CD
 FF 00 00 85 C0 75 78 48  8D 0D 3A A0 01 00 E8 0D
 01 00 00 C7 44 24 28 04  00 00 00 48 8D 44 24 30
 48 89 44 24 20 41 B9 04  00 00 00 45 33 C0 48 8D
 15 33 A0 01 00 48 8B 4C  24 38 FF 15 98 FF 00 00
 85 C0 75 0E 48 8D 0D 55  A0 01 00 E8 D0 00 00 00
 EB 20 48 8D 0D 67 A0 01  00 E8 C2 00 00 00 FF 15
